361327838
480222193
480510199
840650175
860072673
965907880
971953937
971953996
971954062
971954097
973078626
981476082
981476171
98147621X
981476236
981476287
981476317
98147635X
981476430
981476473
981476538
981476570
981476600
981476627
981476694
981476783
981476813
981476953
981476988
981477003
981477070
981477097
981477119
98147733X
981482058
981482074
981560717
981560857
98156089X
981560946
981560970
985393777
999729462
1034323040
1036295257
1119465737
1121235549
1139851756
1153514842
115450333X
1161654879
1162668806
1163739855
1165674408
1166343022
1170982034
1172438161
1173921117
1174091444
1185899693
1192026489
1200233050
1200572394
1211195945
1213260884
1213260949
1213261074
1213261546
1213261651
1213261716
1213261791
1213261937
1213262046
1213262127
1213262240
121326233X
1213745616
1219458562
1219458619
1221080032
1221739174
1222690993
1223193446
1225419565
1230012001
1230012478
1230013067
1230013121
1230083642
1231569093
1235877205
1235931226
123723431X
1238535526
1241415943
1241906394
1242663304
1244541826
124454227X
1246768275
1253292655
1253405190
125347768X
125497797X
1255092629
1255391812
1256450936
1257169300
1257355368
1257454277
1258687070
1258891883
1260506940
1261907353
1261999193
1262591627
1262684692
1263585302
1265199450
1268742023
1271042134
1271265702
1272259781
1274761891
1275236200
1275236995
1275237754
1275237789
1278802894
1283500892
1284589161
1285835115
128598921X
1286610117
1286612810
1286756766
1286756944
1288768311
1288939868
1288940319
1288942273
1290309566
1292632208
1294344188
1294345397
1295917564
1297422597
1297423038
1299308201
1299846297
1301009156
1302689347
1302991000
130400029X
1304258173
1305826779
1306933560
130740605X
1308677189
1310496226
1310769990
1310770026
1310857962
1310859965
1310861250
1310861781
1310861897
1310865205
1310865906
1310866961
1310868425
1311013946
1311135219
1311836764
1312250232
1313615374
1314867393
1315140438
1315140764
1317786416
1318443385
1318962269
1319015239
1319385532
1321336209
1321798105
1321921950
1321940548
1322655286
1322898030
1323465065
1323856676
1323859799
1324571314
1325014990
1325338826
1325722626
132572355X
1326448072
1326448617
1326600915
1326707663
1327236613
1327615967
1327723360
1327944413
1328032329
1328040836
1328239756
1328239810
1328255271
1328266214
1328324516
1328325121
1328326276
1328559408
1329637704
132963795X
1329639847
1329640098
1330414152
1330844157
1330963016
1331403936
1331715105
1332727182
1333109954
1333110200
1333110235
1333113005
1333324529
1333326904
1334094764
1334540721
1334863725
1334864454
1334864659
1334864772
1335598421
1335667105
1336437782
1336994592
1336994681
1336995157
1336995610
1337097535
1337097586
1337098078
1337353647
133747164X
1337577758
1337888729
1338188445
1338199838
1338291483
1339829606
1340164272
1340164361
1340165007
1340165376
1340504332
1341919889
1342133838
1342440498
1342542894
1343345480
1343681510
1343857635
1344280021
1344281052
1344283780
1344404960
1344619487
1344623654
134471045X
1344945732
1345214839
1345236700
1345324340
1345581548
134558220X
1345582218
1345582277
1345584415
134570481X
1345921543
1345923309
1345925425
1346054487
134605469X
1346171246
1346627975
134663145X
134663176X
1346814961
134692449X
1347129065
134712957X
1347130160
1347130551
1347130810
1347131787
1347132368
1347132511
1347133569
1347134646
134713509X
1347137645
1347138455
1347679170
1347680705
1347758984
1347896635
1348294051
1348294531
1348393742
134849767X
134849848X
1348501324
1348717483
1348718072
1348719397
1348723521
1348723785
1348723807
1348898720
1349368806
1349369209
134936939X
1349848735
1349850950
1349853666
1349853747
1350024163
1350026093
1350213497
1350316644
135049058X
1350519413
1350519499
1350520225
1350520284
1350520519
1350520535
1350520667
1350520675
1350521051
1350521159
1351009435
1351257595
1351460331
1351587064
1351702033
1351703420
135179051X
1351791435
1351793136
1351793241
1352557592
1352738465
1352742012
1353048314
1353048926
1353348008
1353431398
1353507882
1353608190
1353716066
1354046021
1354064836
1354065115
1354065972
135500246X
1355241316
135524174X
1355241960
1355393884
1356048811
1356152317
1356217087
1356218636
1356301525
1356559026
1356700640
1356700772
1356701833
1356830587
1356933955
1356946038
1356946917
1356947069
1357278519
1357280734
1357420277
135742096X
135743488X
135755205X
1357714548
1357908776
1357916167
1357917406
1358107882
1358341907
1358343683
1358420424
1358565007
1358565929
1358706034
1358706204
1358707154
1358728593
1358866406
135886697X
1358966141
1358977593
1358977771
1358979081
1359098933
1359099875
1359101632
1359306439
1359453008
1359453210
1359458506
1359700978
1359704639
1359705198
1359870172
1359872213
1359873961
1359876871
1359898042
1359898301
1360013296
1360323066
1360446923
1360450831
1360453091
1360453946
1360454349
1360455132
1360641521
136064475X
1360695613
1360775676
1360811087
136082426X
1360825630
1360826696
1360826734
1360831584
1360842721
1360954317
1360954562
1360957332
1361251077
1361258497
1361276398
1361360984
1361373296
1361376228
1361477709
1361478683
1361478985
1361479809
1361483164
1361483482
1361592966
1361594365
1361710667
1361905174
1361906820
1361907843
1361908122
1361909048
1361909676
136190982X
1361910542
1361910720
1361911387
1361911921
1361911980
1361913053
1361913754
1361913835
1361914866
1361915528
1361915676
1361916419
1361917121
1361918020
1361980265
1361985798
1362103543
1362104418
1362325139
1362346950
136235547X
1362357375
1362359211
1362449326
1362450707
1362454451
1362454605
1362634328
1362634581
1362696048
1362700142
136270038X
1362704962
1362707759
136272954X
1362732672
1362735264
1362736341
1362736597
1362764159
1362766291
1362766690
1362766801
1362767018
1362767050
1362767808
1362768669
136276874X
1362769479
1362770884
1362771384
1362771937
1362771961
1362772763
1362773891
1362774065
1362775215
1362775479
1362775886
1362775967
1362776254
1362776645
1362776742
136277751X
1362778761
1362778958
1362781258
136278138X
1362781754
1362781770
1362781835
1362781932
1362782327
136278253X
136278303X
1362783099
1362785040
1362785326
1362785342
1362785490
1362785911
1362786276
1362786322
1362786713
136278818X
1362788287
1362796824
1362813834
1362841668
1362843431
1363203436
1363205579
1363211374
1363213547
1363220063
1363220403
136322042X
1363223011
1363223372
1363225200
1363225537
1363225596
1363226967
1363228153
1363230050
1363295659
1363295691
1363339206
1363339303
1363420755
136342131X
1363421891
1363522949
136380264X
1363804545
1363805657
1363900854
1363900919
1363900994
1363901184
1363901281
136390129X
1363902172
1363902512
1363902741
1363903020
1363903039
1363903276
1363903616
1363904469
1363904876
1363905058
1363987798
136398795X
1363988123
1363988239
1363989227
1363989456
1363989685
1364012197
1364025140
1364063484
1364064545
1364064790
1364064812
1364064936
1364065134
1364065819
1364066106
1364066548
1364153882
1364154137
1364154862
1364154943
1364155206
1364155397
1364156075
1364158892
1364162083
1364264188
1364265176
1364481146
1364481332
1364647214
1364763117
1364764342
1364764482
1364859629
136486570X
1364866226
1364867354
1364867788
1364867990
1364868296
1364868474
1364978865
1364982684
1364982706
1364982900
1364983451
1364984008
1364984970
1364985160
1364986051
1364987120
1365068625
1365069222
1365070670
1365071030
1365072649
1365072789
1365073858
136508356X
1365098745
1365164322
1365167003
1365269019
1365269280
1365335240
1365426440
1365450252
1365452263
1365453758
1365462056
1365462455
1365478076
1365488071
1365694712
1365695212
1365697533
136569822X
1365698920
1365827674
1365828778
1365829022
1365829804
136583008X
1365830977
1365831701
1365832287
136583235X
1365832465
1365832562
1365959260
1365959473
1365960161
1366005163
1366064739
1366185102
1366187873
1366303199
1366304527
1366305132
1366305175
1366306392
1366306678
1366384776
1366385454
1366385918
1366386175
136638704X
1366387090
1366387600
1366495357
1366503279
1366503546
1366504135
1366504569
1366505379
1366505549
1366505565
1366506316
1366507347
1366530373
1366539591
1366539907
1366540344
1366540905
1366541294
1366632621
1366635116
1366635930
1366787919
1366788567
1366797930
1366806107
1366897498
1366897730
136689913X
1366902084
1367014379
1367014905
1367014999
136701543X
1367015715
1367016495
1367016908
1367016967
1367018404
1367137845
1367137950
1367138329
1367138515
1367138884
1367140773
1367250951
136736096X
1367363799
1367616360
1367733596
1367733642
1367851165
1367852099
1367853192
1367988713
1368006930
1368007961
1368007988
1368008127
1368008356
1368008739
1368091245
1368092233
136809225X
1368093000
1368278086
1368278922
1368286658
136838613X
1368387829
1368388566
1368388817
1368389406
1368389562
136841060X
1368490514
1368506461
1368507514
136862295X
1368737196
1368738389
1368757286
1368766099
1368766315
136892624X
1368928153
1368929001
1368929141
1368943071
136901208X
1369023154
1369024304
1369024444
1369025238
1369026137
136910989X
1369193645
1369216319
1369216483
1369216793
1369217315
1369217501
1369218001
1369227345
1369298943
1369299451
1369299478
1369425945
1369426232
1369426399
1369521251
1369530277
1369536070
1369538197
136953826X
1369680899
1369682646
1369686951
1369687478
1369785674
1369785909
1369805810
1369806280
1369936095
1369936281
1369936958
1369937008
1369937571
1369937903
1369938225
1369939019
1369939558
1370218168
1370335385
1370335717
1370336195
1370418264
1370420021
1370420048
1370488513
1370536178
1370608772
1370614098
1370619677
1370621566
1370622392
1370622694
1370623208
1370623216
1370714815
1370715021
1370715080
1370715277
1370715676
1370715781
1370716079
1370716559
137071680X
1370716885
1370955308
1370955324
1370955790
1370956770
137096112X
137104791X
1371047987
1371048037
1371049300
1371050333
1371050678
1371164959
1371166307
1371167478
1371256829
1371257671
1371257930
1371258821
1371260168
137136091X
1371362815
1371466076
1371552436
137155370X
1371639310
1371640165
1371714215
1371727090
137173299X
1371733988
1371735395
137174758X
1371828725
1371829861
137183010X
1371838070
1371904014
1372009833
1372019898
1372019987
1372106758
1372108858
1372110178
1372111069
1372111255
1372202188
1372202803
1372202986
1372215182
1372305432
1372305564
1372395326
137239625X
1372396586
1372397329
1372397337
1372471510
1372471626
1372471898
1372664025
1372665242
1372665919
1372666184
1372666265
1372679065
1372681043
1372739971
1372740554
1372740899
1372740937
1372741755
1372741879
1372742662
1372742824
1372819886
1372832076
1372832750
1372832823
1372919902
137292809X
1372930795
1372932763
1372932836
1372934561
1372934782
1372934863
1372934898
137293524X
1372942165
1372943137
1372946012
1373004851
137300536X
137305588X
1373117818
1373124814
1373177055
1373237635
1373237953
137323833X
1373258721
1373309091
137331723X
1373317248
1373317914
137331883X
1373319313
1373319437
1373319879
1373394544
1373395753
1373397713
1373397802
1373398019
1373398116
1373398280
137340325X
1373461268
1373461306
1373462035
1373529067
1373534397
1373534567
137353527X
137353530X
1373535571
1373535598
1373535725
1373535768
1373535997
1373536004
1373536063
1373536071
1373536128
1373536225
1373536268
1373536314
1373536527
1373536543
1373536551
1373536578
1373536586
1373536799
1373536918
1373536934
1373536942
1373536950
137353706X
1373537108
1373537140
1373537191
1373537302
1373728191
1373825049
137382672X
1373827963
1373828080
1373828803
1373828986
1373829524
1373829540
1373829575
1373829605
1373925612
1374009385
1374011452
1374120324
1374122246
1374232874
1374312266
137431241X
1374312509
1374313025
1374313785
1374313912
1374314250
1374314692
1374429961
1374430501
1374432563
1374432741
1374448656
1374462713
1374529257
1374529702
1374531545
1374531812
1374532088
1374532177
1374532460
1374532673
137453269X
1374602574
1374602728
1374602736
1374603074
1374603368
1374649880
1374704180
1374705810
1374709352
1374792594
1374792853
1374794007
1374794716
1374795607
1374795623
1374879657
1374881953
1374882372
1374882410
1374884154
1374903434
1374980498
1374980544
1374981346
1374982946
137498325X
137508092X
1375082159
1375088068
1375094556
1375159747
1375159992
1375160079
1375161660
137516175X
137516192X
1375211684
1375334085
1375334115
137533445X
1375335049
137533655X
1375337424
1375396277
1375397249
1375528173
1375528416
1375528823
1375529382
1375531204
1375531514
1375531581
1375625985
1375627546
1375627929
1375628402
1375628917
1375629077
1375747126
1375747207
1375748238
137574979X
1375750577
1375752960
1375817957
1375818260
1375818457
1375818783
1375856332
1375870084
137595265X
1375953710
1375954067
1375954202
1375954237
1375956388
1376053209
1376053241
1376055058
1376155605
1376156067
1376157632
1376158396
1376158876
1376158922
137615952X
137626207X
1376262827
1376264072
1376264137
1376264196
1376265508
1376274620
1376358794
137635991X
1376360306
137636087X
1376416697
1376564890
1376572354
1376572575
1376572648
1376572699
1376573717
1376573784
1376574322
1376575140
137657599X
1376576287
1376576538
1376577046
1376577682
1376665913
1376667401
1376667436
1376668688
1376668785
1376669706
1376670577
1376672812
1376673215
1376673452
1376673827
1376673991
1376784629
1376784947
1376785846
1376786028
1376786370
1376801698
1376903970
1376904411
137690487X
1376904942
1376906325
1376907127
1376907178
1376908018
1376994798
1376995301
1376996006
1376996383
137699691X
1376997576
1377108899
1377109577
1377211991
137721205X
1377212068
1377212149
1377212432
1377212459
1377212599
1377213277
1377213374
1377213498
1377329534
1377330230
1377330435
1377331008
1377331849
1377331865
1377331903
1377332012
1377332039
1377332470
1377332772
1377333035
1377333051
137733306X
1377333434
1377333469
1377333922
1377333930
1377379345
1377380645
1377392406
1377392546
1377395103
1377395677
1377536629
137753703X
1377537102
1377537501
1377538125
137753829X
1377538753
1377539202
137754012X
1377540839
1377541096
137754186X
1377628620
1377629627
1377630773
1377630978
1377631141
1377631222
1377670317
1377670430
1377705838
1377720187
137772090X
1377721159
137780030X
1377800369
137780089X
1377801926
1377802191
1377802485
1377802833
1377803945
1377804062
1377804267
1377804321
1377804453
1377804933
1377804992
1377880494
1377900274
1377903125
1377904369
137790525X
1377907341
1377914992
1377921336
1377929469
1377938131
1377940144
1377942708
1377943178
1377954420
137795885X
1377959384
1377963098
1377971147
1377981924
1377994678
1377996034
1378084802
1378272161
1378379675
1378379837
1378380177
1378380363
137838038X
1378380614
1378380762
1378381297
1378381424
1378381467
1378381645
1378382153
1378382188
1378382218
137838234X
1378382382
1378382420
1378382455
1378382463
1378382749
1378382757
1378382838
1378382870
1378382889
1378382951
1378382986
1378382994
1378383028
1378383052
1378383249
1378383265
1378383346
1378383389
1378383559
1378383605
1378383699
1378383702
1378383737
1378383788
1378383850
1378384032
1378384113
1378384245
1378384253
1378384482
1378384644
1378384695
137838475X
1378384822
1378384881
1378384938
1378385233
1378385241
1378385292
1378385330
1378385454
1378385519
137838573X
1378385764
1378387732
1378387937
1378388283
1378389050
1378389778
1378389859
1378390067
1378390075
137839061X
1378391098
1378392108
137839741X
1378397533
1378398149
1378398157
1378398483
137839898X
1378399005
1378399188
1378401794
1378402774
1378402987
1378403649
1378403681
1378403770
1378403916
1378403983
1378404270
1378405889
137840596X
1378406567
1378407814
1378407873
1378408292
1378408314
1378408586
1378409086
1378409183
1378409353
1378409558
1378409590
1378409957
1378410351
1378410696
1378410882
1378411072
1378411129
1378411137
1378411161
1378466586
1378484231
1378484592
137848584X
1378486277
1378486692
1378487036
1378487052
137848729X
1378487591
1378487605
1378487710
1378487737
1378488113
1378488539
1378488806
1378488830
1378488881
1378488989
1378489004
1378489098
1378489330
1378489489
1378489764
1378489926
1378491645
1378576209
1378576632
137857673X
1378576942
1378577337
1378577477
1378577493
1378578333
1378578392
1378578570
137857883X
1378578937
1378579054
1378579372
1378579569
1378579828
1378580214
1378580338
1378580419
1378580672
137858077X
1378580966
1378581083
1378581288
1378581415
137858144X
1378581466
1378582020
1378582063
1378582195
1378582977
1378583191
1378583205
1378583256
1378583361
137858340X
1378583493
1378583612
1378583809
1378583957
1378583965
137858399X
1378584066
1378584139
1378584341
1378584481
137858452X
137858466X
1378584813
1378584848
1378584902
1378584988
1378585399
1378585461
1378586174
1378586220
1378586972
1378587014
1378660765
137866082X
1378660935
1378660951
1378661362
1378661419
1378661672
1378661699
137866180X
1378661915
1378661958
1378661982
1378662121
1378662210
1378662377
1378662512
1378662636
1378662644
1378662725
1378663241
1378663322
1378663500
1378663535
1378663551
1378663616
1378663624
1378663713
1378663780
1378663829
1378663942
1378663969
1378664086
1378664094
1378664116
1378664280
1378664310
1378664531
1378664698
1378664736
1378664825
1378665058
137866518X
1378665201
1378665287
1378665392
1378665430
1378666011
1378666151
1378666305
1378666313
1378666364
1378666372
1378666402
1378666437
1378666488
137866650X
1378666550
1378666569
1378666666
137866678X
1378666828
1378666984
1378667115
1378667158
1378667298
137866731X
1378667336
1378667409
1378667565
1378667646
1378668014
1378668200
1378668219
1378668359
1378668391
1378668448
1378668731
1378668790
1378668960
1378669037
1378669118
1378669185
1378709225
1378709330
1378709446
1378709500
1378709543
1378709683
137870973X
1378709810
1378709829
1378710096
1378710320
1378710665
1378710770
1378710878
1378710894
1378710967
1378710991
1378711084
1378711300
1378711408
1378711424
1378711688
1378711939
1378711963
1378712080
1378712110
1378712218
1378712277
1378712374
1378712498
1378712706
1378712854
1378712862
1378713001
1378713095
1378713362
1378713478
1378713540
1378713729
1378713737
137871380X
1378713974
1378714008
1378714059
1378714229
1378714385
1378714539
1378714776
1378714865
1378714881
137871511X
1378715187
1378758803
1378758862
1378829751
137882976X
1378830350
1378830423
1378830431
1378830466
1378913795
1378915127
1378915852
1378915895
1378916239
1378916263
1378916956
1378917065
1378917081
1378917464
1378917588
137891791X
1378918509
1378918975
1378919351
137891953X
1378919653
1378920236
1378920546
1378920848
1378920953
1378921208
1378921445
1378921690
137892200X
1378922409
1378922565
137892259X
1378922638
1378922743
1378922891
1378923049
1378923340
1378997379
1378997506
1378997530
1378997816
1378998294
1378998847
1378998901
1378999029
1378999215
1378999312
1378999428
1378999738
1378999770
1378999827
1378999851
1378999894
137900005X
1379000114
1379000130
1379000157
1379000165
1379000246
1379000610
1379000653
1379000742
1379000831
1379001064
1379001072
1379001137
1379001307
1379001323
1379001455
1379001463
1379001498
1379001560
1379001579
1379001676
1379001730
1379001811
1379001846
1379001986
1379002052
1379002397
1379002486
1379002583
1379002591
1379002613
1379002656
1379002869
1379002923
1379003075
1379003202
1379003245
137900327X
1379003296
1379003636
1379003709
1379003822
1379003865
1379004071
137900411X
1379004128
1379004217
1379004438
1379004462
1379104467
1379105072
1379105137
1379105412
1379105544
1379105757
1379106079
1379106230
1379106249
137910629X
1379106427
1379106486
1379106699
1379106850
1379107016
1379107423
1379107881
1379108268
1379108470
1379176697
137918844X
1379188474
1379188539
1379188636
1379188695
1379188725
137918875X
1379188938
1379188997
1379189039
1379189152
1379189195
1379189624
137919038X
1379190789
1379191084
1379191106
1379191327
1379191467
1379192293
1379192803
1379193125
1379193362
1379193583
1379194121
1379194164
1379194253
1379276128
1379276535
1379276845
1379277361
1379277515
137927754X
1379277574
1379277701
1379277841
1379277930
1379277981
1379278015
137927804X
1379278082
1379278090
1379278228
1379278333
1379278511
1379278635
1379278651
1379278740
137927883X
1379278910
1379278953
137927902X
1379279070
1379279186
1379279356
1379279496
1379279542
1379279798
1379310199
1379310237
1379310814
1379310997
1379361052
1379362075
1379362180
1379383102
1379444055
1379448840
1379455170
137945526X
1379455278
1379455561
1379455588
137945560X
1379455650
1379455766
1379455898
1379456584
1379456827
1379458536
1379458595
1379458781
1379458897
137945932X
1379460395
1379460557
1379460662
1379460859
137946093X
1379548713
1379555817
1379555965
1379556082
1379556090
1379556384
1379556678
1379556988
1379557305
1379557445
1379557798
1379558581
1379558824
1379559111
1379559146
1379559367
1379559618
1379559650
1379559871
137955991X
1379560284
1379560551
1379560594
1379588545
1379655498
1379670225
1379670284
137967056X
1379670586
1379670934
1379671027
137967106X
1379671698
1379671701
1379671760
1379671930
1379671981
1379672279
1379673119
1379673437
1379674026
1379674115
1379674123
137967414X
1379674344
1379674999
1379675197
1379781566
1379789990
1379790263
1379790654
1379790948
1379791952
1379792347
1379792614
1379792754
1379792835
1379793297
1379793645
1379793904
1379794064
1379794374
1379794781
1379794803
1379794978
1379795087
1379795435
1379795532
1379796091
137979658X
1379796644
1379796792
1379797012
1379797128
1379797225
1379797284
1379797454
1379798337
1379798795
1379900603
1379900611
1379901197
1379901669
1379901766
1379902800
1379902894
1379903238
1379903254
1379903971
1379904447
1379904498
1379904609
1379904749
137990501X
1379905087
1379905338
137990546X
1379905478
1379905532
1379905834
1379906350
1379939577
1379967562
1379967775
1379968720
1379968801
1379968844
1379969018
1379969077
1379969085
1379969131
1379969182
1379969263
1379969271
137996931X
1379969395
1379969468
1379969514
1379969646
1379969719
1379969735
1379969778
1379969859
1379970180
1379970199
1379970229
1379970245
1379970288
1379970369
1379970431
1379970490
1379970539
1379970571
1379970679
1379970709
1379970725
1379970741
137997075X
1379970806
1379970814
1379970822
1379970873
1379970911
1379971071
1379971241
137997125X
1379971349
137997142X
1379971500
1379971608
1379971756
1379971845
1379971861
1379971896
1379971926
1379971942
1379971969
1379971985
1379972124
1379972183
1379972213
1379972280
1379972299
1379972345
1379972477
1379972493
1379972566
1379972590
1379972604
1379972620
1379972647
1379972663
1379972744
1379972760
1379972795
1379972825
1380074789
1380074835
1380074851
1380074878
1380075262
1380075300
1380075327
1380075556
1380076358
1380076390
1380076455
1380076501
1380076536
1380077125
1380077583
1380077796
1380078687
1380078881
138007889X
1380078970
1380079217
138007939X
1380079608
1380079772
1380079837
1380079918
1380079926
1380080207
1380080843
1380080932
1380080967
1380081076
1380081106
1380081211
1380081300
1380081750
1380082021
1380082153
1380082587
1380082684
1380082854
1380082919
1380082978
1380083249
1380083346
1380083540
1380083729
1380083818
1380083869
1380083958
1380084024
138008413X
1380084148
1380084318
1380084377
1380084512
1380084660
1380084776
1380084814
1380084849
1380085187
1380085195
1380085349
1380085799
1380085977
1380086027
1380086035
1380086043
1380086329
1380086639
1380086671
138008671X
1380087007
1380087163
1380087244
1380087309
1380087546
1380087708
1380087740
1380087864
1380087872
1380088186
1380088224
1380088305
1380088542
1380088674
138008878X
1380088941
138008900X
1380089395
1380089557
1380089573
1380090105
1380090148
1380090156
1380090172
1380090326
1380090482
138009058X
1380090881
1380090997
1380091020
1380091128
1380091349
1380091675
1380091691
1380091713
1380091802
1380091853
138009187X
1380091950
1380177650
1380190622
1380190673
1380190800
1380191157
1380191300
1380191432
1380191718
1380193206
1380193397
1380193451
1380193516
138019413X
1380194539
1380194571
138019461X
1380194687
1380195047
138019542X
1380195489
138019573X
1380196167
1380196590
1380196892
1380197120
1380197260
1380197392
1380197716
138019783X
1380198194
1380198348
1380199131
1380199948
1380200504
1380200865
1380201896
1380202132
1380202221
1380202329
1380202388
1380202671
1380202779
1380203295
138020352X
1380203880
1380203899
1380203937
1380204267
1380204275
1380205026
1380205328
1380297834
1380313805
1380314062
1380314380
1380315018
1380315123
1380315158
1380315395
1380316022
1380316030
1380316162
1380316383
138031657X
138031674X
1380316855
138031691X
1380317088
1380317150
1380317282
1380317487
1380317525
1380317606
1380317878
1380317908
1380318025
1380318149
1380318203
1380318416
1380318440
1380318629
1380318645
1380318793
1380318831
1380318890
1380318963
1380319250
1380319269
138031934X
1380319412
1380320119
1380320151
1380320356
1380320763
1380320941
1380320992
138032100X
1380321174
1380321239
138032128X
1380321549
1380321654
1380321875
1380321905
1380322111
1380322251
1380322332
1380369797
1380370019
1380370574
1380370949
138037104X
1380371155
1380371368
1380371376
1380371570
1380371791
1380371961
1380372100
1380372348
1380372364
138037314X
1380373182
1380373468
138037460X
1380374758
1380374855
1380375630
138037572X
138037586X
1380375967
1380376009
1380376033
1380376106
1380376122
1380376130
138037622X
1380376319
1380376505
138037670X
1380376785
1380377064
1380377242
1380377587
1380377838
1380377889
1380377900
138037801X
1380378052
138037815X
1380378338
1380378443
1380469910
1380470234
1380470374
1380470420
1380470447
1380470811
1380470838
1380470889
1380471117
138047115X
1380471184
1380471222
1380471273
1380471346
1380471591
138047177X
1380472040
1380472296
1380472970
1380473098
1380473217
1380473349
1380473500
1380473608
1380473624
1380473675
1380473756
1380473799
138047387X
1380473896
1380473969
1380474027
1380474043
1380474086
1380474108
1380474140
1380474205
138047437X
1380474418
1380474434
1380474450
1380474485
1380474566
1380474620
1380474973
1380475066
1380475171
1380475368
1380475376
1380475384
1380526191
1380526434
1380582261
1380589622
1380589711
1380590205
1380590698
1380591740
1380592062
1380592631
1380592712
1380592801
1380592828
1380592836
1380592852
1380592860
1380592917
1380592933
138059314X
1380593247
1380593379
1380593468
1380593530
1380593662
1380594006
1380594189
1380594227
138059426X
1380594340
1380594421
1380594448
1380594456
1380594464
1380594502
1380594545
1380594561
1380594588
1380594685
1380594804
138059491X
1380595010
1380595061
138059510X
1380595134
1380595266
1380595363
1380595428
138059555X
1380595576
1380595614
1380595649
1380595657
138059569X
1380595703
138059572X
1380595770
1380595851
1380595991
1380596092
1380596149
1380596165
1380596173
1380596297
1380596580
1380596637
138059667X
1380596726
1380596831
1380596858
1380596912
1380596963
1380596998
1380597064
1380597072
1380597250
1380597285
1380597382
1380597412
1380597463
1380597501
1380597536
1380597676
138059779X
1380597862
1380597870
1380597889
1380597986
1380597994
138059801X
1380598060
1380598087
1380598192
1380598230
138059829X
1380598311
138059832X
1380598346
1380598362
1380598435
1380598486
1380598540
1380598583
1380598605
138059863X
1380598710
1380598729
1380598796
138059880X
1380598893
138059894X
1380598966
1380598974
1380599008
1380599024
1380599105
1380599164
1380599172
1380599180
1380599202
1380599210
1380599229
1380599253
1380599288
1380599318
1380599369
1380599385
1380599547
138059961X
1380599636
1380599644
1380685230
1380695074
1380695597
1380695678
1380695813
1380695961
1380696062
1380696178
1380696194
1380696232
1380696348
1380696720
1380696925
138069695X
1380697263
1380697492
1380697646
1380698871
1380699037
1380699193
1380699258
1380699274
138069969X
1380700035
1380700345
1380700612
138070071X
1380700752
1380700876
1380701236
1380701759
1380702062
1380702127
1380702291
1380702534
1380706017
1380706831
1380707390
1380798671
1380801575
138080244X
138080261X
1380804264
1380804388
1380805090
1380805244
1380805252
1380805740
1380805791
1380805856
1380806607
1380806933
1380807034
1380807395
138080762X
1380807735
1380807824
1380807883
1380808243
1380808251
1380808324
1380808693
1380809185
1380809355
138080955X
1380809886
1380810388
1380810485
1380810817
1380810965
1380811120
1380811201
1380811368
1380811767
1380811910
1380812224
1380812380
138081264X
1380812836
1380812909
1380813530
1380813654
1380813719
1380813867
1380814103
1380814588
1380814774
1380814863
138081507X
1380815134
1380815223
1380815258
1380815274
1380815398
1380815479
1380815495
1380818346
1380828155
1380904781
1380906849
1380915856
1380916283
1380916550
1380916569
1380916747
1380916925
1380916992
138091745X
1380917522
1380918952
1380919797
138092006X
1380920140
1380920159
1380920299
1380920337
1380920388
1380920450
1380920876
1380920930
1381019293
138102016X
1381021255
138102226X
1381022391
1381022537
1381022731
1381023576
138102372X
1381023800
1381024033
1381054110
1381056342
1381127533
1381127789
1381128157
1381128971
1381129188
1381129250
1381129803
1381130224
1381130232
1381130313
1381156681
1381157831
138115784X
1381157963
1381158064
1381185541
1381185738
1381288936
1381289282
1381289487
1381290159
1381290272
1381290450
138129118X
1381291473
1381291511
1381291708
1381291813
1381292321
1381293115
1381293182
1381293298
138129359X
1381294146
1381294197
1381374026
1381473768
1381496458
138149739X
1381497993
1381498086
1381498337
1381498442
138149854X
1381499384
1381499600
1381499643
1381499929
1381499953
1381500242
1381500633
1381500641
1381500684
1381501036
1381501052
1381501095
1381501516
1381501540
138150163X
1381501699
1381501966
138150227X
138150230X
1381502369
1381502539
1381502636
1381502989
138150325X
1381503489
1381503756
1381503985
1381503993
1381504469
1381504566
1381505201
138150535X
1381505384
1381505538
1381505651
1381505686
1381505767
138150616X
138150647X
1381507018
1381507026
1381507085
1381507182
1381507360
1381507484
1381507565
1381507727
1381507778
1381507891
1381508006
1381508138
1381508839
1381508987
1381513395
1381521312
138159946X
1381599885
1381599974
1381600018
1381600778
1381600832
1381601049
138160160X
1381601820
1381602355
1381602568
1381602657
1381602894
1381603246
1381603297
1381680151
1381680852
1381681131
1381681239
1381681360
1381681468
1381682073
1381682138
1381682308
1381682405
1381682472
1381682731
1381682812
1381682839
1381682960
1381682987
1381683673
1381683908
1381683940
1381684025
1381684181
1381684386
1381684394
1381684947
1381685595
1381685617
1381686206
1381686265
138168629X
1381686516
1381727727
1381765319
1381765394
1381770258
1381770541
1381770908
1381771076
1381772153
1381772188
1381895727
1381895786
1381896057
1381897703
1381897878
1381898203
1381898483
1381898491
1381898882
1381899145
1381899161
138189951X
1381899900
1381900240
1381900364
1381900577
1381900712
1381900941
1381901425
1381901433
1381901530
1381901565
1381901867
1381902014
1381902200
1381902472
1381902480
1381902510
1381902618
1381902774
1381903045
1381985823
1381986226
1381986250
1381986412
1381986471
1381986838
1381986870
138198715X
1381987389
1381987435
1381987494
1381987656
1381987664
1381987699
1381987788
1381987826
1381987842
138198794X
1381988091
1381988148
1381988350
1381988598
1381988814
138198939X
1381989705
1381989799
1381990045
1381990150
1381990525
1381990886
1381991610
1381992048
1381992706
1381992714
1381993044
1381993613
1381993877
1381994075
1381994113
1382078072
1382090226
1382090374
1382091664
1382092709
1382093403
1382093551
1382093632
1382093829
1382094280
1382094329
138209454X
1382094795
1382094809
1382096364
1382096445
1382096801
1382200951
1382201338
1382202148
1382202202
138220261X
1382202733
1382202989
1382203640
1382203683
1382203772
1382203926
1382203950
1382204191
1382204361
1382204507
1382204655
1382204809
1382204841
1382205279
1382205325
1382205422
1382205724
1382205740
1382230141
1382291663
1382291744
1382291760
1382291922
138229218X
1382292252
1382292392
1382292449
138229252X
1382292546
1382292589
1382292821
1382292864
138229302X
1382293046
1382293216
1382293577
1382293607
138229400X
1382294166
1382294328
1382294573
1382294743
1382352042
1382352077
1382352093
1382352743
1382352751
1382352980
1382353537
1382353774
1382353804
1382353839
1382409656
1382414234
138241823X
138241904X
1382419198
1382435673
1382521502
1382521618
1382523025
1382523041
1382523734
1382523866
1382524064
1382524129
1382524293
1382524447
1382524676
1382524692
1382524730
1382524951
1382525079
1382525265
1382525397
138252546X
1382525516
1382525702
1382525710
1382534574
138254023X
1382547552
138255656X
1382689748
1382690134
1382690177
1382690304
1382690932
1382691238
1382691653
1382691769
1382691831
138269184X
1382691866
1382692072
1382692315
1382692374
1382692668
1382692870
1382811829
1382812035
1382812248
1382812450
1382812523
138281271X
1382812728
138281285X
1382813074
1382813120
1382813597
1382813732
1382814089
1382814577
1382814593
1382814755
1382815239
1382815263
1382815360
1382815425
1382815506
1382816480
1382816707
1382816782
1382816987
1382817126
1382817185
138281724X
1382817320
1382817355
1382817495
1382817509
1382817517
1382817533
1382817843
1382817894
1382817983
1382818041
1382818149
1382818378
1382818556
1382818629
1382818645
138281867X
1382818688
1382818831
138281884X
1382819048
1382819226
1382819234
1382819498
138281951X
1382819528
1382819617
1382819862
1382819897
1382819927
1382819994
138282033X
1382820356
1382820461
138282050X
1382820593
1382820763
1382820852
1382821018
1382821042
1382821069
1382821239
1382821247
1382821344
1382821735
1382821875
1382821913
1382821921
1382822170
1382822286
138282257X
1382822626
1382822723
1382822766
1382822898
1382822979
1382822995
1382823096
1382823312
1382823495
1382823592
1382823762
1382823800
1382824033
1382824246
1382824343
1382837321
1382937326
1382938292
1382938535
138293940X
1382939426
1382940009
1382940386
1382940505
1382940882
1382941293
1382941331
1382941420
1382941498
1382941528
1382941552
1382941897
1382941919
138294215X
1382942583
1382942761
1382942923
138294330X
138294991X
138295431X
1382955014
1382955510
1382959753
1383043736
1383044015
138304418X
138304435X
1383044899
1383045089
1383045240
1383045283
1383045348
138304550X
1383045542
1383045658
1383045666
1383045852
1383045909
1383046018
1383046255
1383046565
1383073708
1383074798
1383075271
138307562X
1383075956
1383105812
1383115532
1383115788
1383116415
1383116601
1383116962
1383193010
138319498X
1383195234
1383195439
1383195579
1383196060
1383196761
1383197091
1383197342
1383197369
1383197377
1383197636
1383197784
138319873X
1383198942
1383198993
1383199221
138319954X
1383199582
138319968X
1383205078
1383208735
1383214727
138326421X
138327360X
1383274347
1383274614
138327486X
1383275114
1383275300
1383275602
1383275807
138327651X
1383276625
1383276714
1383276749
1383276935
1383276978
1383277087
1383277222
1383277400
1383277478
1383277516
1383277958
1383277982
1383278083
1383278326
1383278512
1383278547
1383278695
1383279330
1383281076
1383281394
1383281467
1383281866
1383291608
138338987X
1383394652
1383395012
1383395047
1383395543
1383395721
1383395918
1383395985
1383396434
1383396523
1383396825
1383396892
1383397228
1383397511
1383397805
138339783X
1383398135
1383398178
1383398887
1383399026
1383399131
1383399239
1383399417
1383399441
1383399484
1383399522
1383399891
1383399905
138339993X
1383400288
1383400407
1383476829
1383488495
1383488622
1383489238
1383489408
1383489653
1383489718
1383490104
1383490473
1383490880
1383491364
138349147X
1383491518
1383491798
1383491801
1383492093
1383492158
1383492417
1383492581
138349293X
1383493057
1383493111
1383493200
1383493618
1383493707
1383493758
1383493804
1383493812
1383493847
138349407X
1383494088
1383494126
138351304X
1383513430
1383513686
1383589003
1383589100
1383589151
138358933X
1383589429
1383589461
138358981X
1383589941
1383590656
1383590664
1383591156
1383591474
138359161X
1383591717
1383591733
1383591938
1383591962
1383592322
1383592349
1383592373
1383592616
1383592837
1383593132
1383593299
1383593353
138364912X
1383649715
1383649995
1383650039
1383650047
1383650063
1383650071
1383717346
1383718946
1383719756
138372122X
1383721432
1383721777
1383721831
1383721866
1383721874
1383721882
1383721963
1383721971
1383722021
1383722064
1383722102
1383722110
1383722161
1383722226
1383722234
1383722242
1383722331
1383722420
1383722595
1383722641
1383722692
1383722773
138372282X
1383722846
1383722870
1383722889
1383722897
1383722919
138372296X
1383722978
1383723125
138372315X
1383723281
1383723303
138372332X
1383723354
1383723443
1383723486
1383723508
1383723524
1383723532
1383723540
1383723575
1383723664
1383723680
1383723710
1383723745
138372380X
1383723826
1383723834
1383723842
1383723869
1383723893
1383723966
1383724040
1383724172
1383724180
1383724202
1383724229
1383724237
1383724253
1383724296
1383724431
1383724911
1383724946
1383724962
1383724970
1383725012
1383725071
1383725160
1383725225
1383725284
1383725292
1383725349
1383725357
1383725381
138372539X
1383822646
1383822891
1383823111
1383824010
1383824495
1383824606
1383824754
1383825262
1383825300
1383825548
1383825645
1383825777
1383827133
1383827168
1383827281
1383827788
1383827915
1383827958
1383828199
1383828504
1383828768
1383829004
1383829101
1383829284
1383829292
1383829497
1383829721
1383852588
1383926603
1383926646
1383927596
138392824X
1383928371
1383928916
138392905X
1383929246
1383929440
1383929564
1383929637
1383929696
138393004X
1383930163
1383930899
1383937745
1383952183
1384050221
1384050973
1384051740
1384052291
1384059946
1384059989
138406026X
1384060316
1384060545
1384060782
1384060952
1384061134
1384061436
1384061622
1384061630
1384061827
138406186X
1384061983
1384062149
1384062203
1384062521
1384063277
1384063846
1384064265
138406463X
1384065180
1384066845
138406687X
1384066977
138406785X
1384068236
1384068651
1384069461
1384069739
1384069976
1384070494
1384071695
1384071768
1384072047
1384072527
1384156631
1384156917
1384157050
1384157336
1384158391
1384161805
1384161880
1384162135
1384162828
1384163549
138416362X
1384164855
1384164928
1384164936
1384165010
1384165142
1384165258
138416538X
1384165592
1384165762
1384165789
1384165886
1384165940
1384166076
138416619X
1384166343
1384166556
1384166823
1384271449
1384272127
1384272712
1384273182
1384273476
1384273506
1384273646
1384273700
1384273727
1384274219
1384274499
1384274588
1384274820
1384274871
138427488X
138427524X
138427538X
1384275495
1384275622
1384275819
1384276114
1384276165
1384276289
1384320245
1384320555
138432092X
1384321195
138436126X
1384361413
1384361693
1384361839
138436191X
1384372024
138437213X
1384372245
1384372601
1384372717
1384381066
138438121X
1384465383
1384476628
1384477535
1384477918
1384477926
1384477969
1384478574
1384478698
1384479260
1384479295
1384479384
1384479805
1384479953
1384480013
1384480137
1384481265
1384481303
1384492704
1384497390
1384497773
1384498281
1384498524
1384501185
1384559507
1384576568
1384576991
1384577106
1384577165
1384577416
138457753X
1384577785
1384578560
1384579524
1384579591
1384580069
1384580190
138458031X
1384580638
1384580875
1384580980
1384599797
1384600612
138461074X
1384613951
1384614508
1384615083
1384701443
1384711090
1384714618
138471989X
1384720170
1384720448
1384720804
1384722009
1384722092
1384722467
138472267X
1384723277
1384723285
1384723366
1384724087
1384724168
1384724222
1384724427
1384724648
1384724672
1384725164
138472950X
1384733493
1384734945
138482314X
1384823344
138482345X
1384823891
1384823921
1384823948
1384824162
1384824251
1384824278
1384824375
1384824529
1384824847
1384824936
138482507X
1384825258
1384825282
1384825363
1384825428
1384825509
1384825584
1384825851
1384826459
1384826483
1384826718
1384826742
1384827013
1384827056
1384827102
1384827366
1384827455
1384827463
1384827625
1384827870
1384911448
1384911472
1384911529
1384911650
1384911766
1384912134
1384912258
1384912339
1384912371
1384912967
1384912983
1384913017
1384913181
138491319X
1384913211
1384913319
138491336X
1384913416
1384913432
1384913483
1384913742
1384913785
138491420X
1384914439
1384914447
1384914625
1384914676
1384914854
1384914951
1384915133
1384915249
1384915265
1384915389
1384915400
1384915451
1384963677
1385009438
1385009470
1385011602
1385102594
1385105895
138510628X
1385106344
1385106352
1385106506
1385107006
138510760X
1385107944
1385108002
1385108541
1385109386
1385109637
1385109718
1385110171
1385110309
1385110546
138511083X
1385119012
1385119470
1385119659
1385120134
1385120428
1385120592
1385120606
138512069X
1385121106
1385122161
1385185465
1385185937
1385185961
138518616X
138518633X
1385186372
1385186534
1385186569
1385186585
1385186682
1385186763
1385186801
1385187069
1385187271
1385187662
1385187700
138524237X
1385242825
1385242841
1385328665
1385373989
1385457708
1385458267
1385458453
1385459433
1385459638
1385512180
1385512385
1385512644
1385512903
1385512954
1385513152
138551342X
1385513659
1385606835
1385606932
1385607025
1385738235
1385741201
138574121X
1385741716
1385882271
1385900342
1385900679
1385901403
1385907894
1385908300
1385908424
1385909366
1385929766
1385930403
1385931205
1385932252
1385932570
138593283X
1385933682
1385933836
1385933917
1385934107
1385934425
1385934484
1385935286
1385935383
1385935618
1386039195
1386039551
1386039683
1386039993
1386040843
1386041076
1386041289
1386041955
1386043869
1386055085
1386061239
1386145467
1386145629
1386148369
1386166561
1386166588
1386167517
1386168092
138617355X
1386178985
1386179892
1386188050
1386271101
1386271225
1386271446
1386271837
1386271845
138627187X
1386271926
1386271942
1386272078
1386272086
1386272159
1386272191
1386272310
1386272337
1386272485
1386272817
1386273457
1386273597
1386273821
1386273856
1386274135
138627416X
1386274313
1386274526
1386274992
1386275131
1386287431
1386360910
1386361402
1386361542
1386361577
1386361860
138636200X
1386362301
1386362514
138636391X
1386363944
1386364223
1386409944
1386410306
1386458708
1386460079
1386462438
1386462675
1386468495
1386468665
1386475106
1386549355
1386551228
1386551937
1386551996
1386552437
1386552593
1386567876
1386568139
138656852X
1386568651
1386568775
1386568899
1386568945
1386569291
1386569321
1386569941
1386570036
1386570079
1386570109
1386570311
1386570508
138657094X
1386571296
1386571326
1386571482
1386579882
1386589616
1386671851
1386673552
1386673609
1386673803
138667429X
1386674346
1386674362
1386674451
1386674486
1386674745
1386674761
1386674834
1386675172
138667561X
1386675628
1386675709
1386675768
1386675938
1386676179
138667656X
1386676586
1386676713
1386676780
1386677167
1386677299
1386677442
1386677906
138667799X
1386785121
138679578X
1386795828
1386795860
1386795917
1386796247
1386796271
138679631X
1386797006
1386797022
1386797030
1386797340
1386797707
138679774X
1386797871
1386798037
1386798142
1386798274
1386798282
1386798312
1386798622
1386798673
1386798681
1386798711
1386798754
1386799009
1386799041
1386799149
1386799335
1386799351
138679936X
1386799483
1386799513
138679953X
1386799580
1386799696
1386799742
1386799785
1386799831
1386799874
1386799904
1386800015
1386800147
1386800155
1386819964
1386820210
138682058X
1386821020
138682139X
1386821799
1386822000
138682240X
1386822515
1386876984
1386877158
1386877654
1386877778
1386878103
1386878227
1386878308
1386878669
1386878812
1386878987
1386879185
1386879797
1386880787
1386881333
1386881600
1386881767
138688197X
1386882577
1386882623
1386882976
1386882984
1386883077
138688331X
1386883441
1386897957
1386898090
138689981X
138690516X
1386905607
1386906352
1386907243
1386907510
1386907820
1386908061
1386908770
1386909653
1386953989
1386954284
1386954446
1386954799
1386955272
138695537X
1386955655
1386955809
1386955981
1386956228
1386956554
1386956600
1386956678
1386956694
1386956708
1386956821
1386956856
1386957143
1386957283
1386957380
1386957445
1386957453
1387023209
138702342X
1387023977
1387129651
1387148907
1387235583
1387235842
1387236326
138723692X
1387237098
1387237217
1387237268
1387237772
1387238116
1387238213
1387238833
138723885X
1387238906
138723935X
1387240129
1387240447
1387240633
1387245058
1387261452
1387277383
1387292617
138732134X
138732148X
1387326813
1387330276
1387330969
1387334182
138733526X
1387335316
1387340158
1387345028
1387345613
1387348833
1387352180
1387356623
1387356739
1387357913
1387359495
1387359592
1387359983
1387360825
1387361147
1387362690
1387364138
1387364146
1387364154
1387364162
1387364170
1387364189
1387364197
1387364200
1387364219
1387371657
1387375288
1387375598
1387380109
1387384856
138739018X
1387390198
1387390201
138739021X
1387392638
138739830X
1387400029
1387402161
1387407236
1387408844
1387408925
1387408933
1387412167
1387413368
1387414275
1387414283
1387417088
1387417819
1387419277
1387419285
1387419897
138742050X
1387421832
138742307X
1387423088
1387423606
1387424416
1387454919
1387455907
1387540939
1387541145
1387541269
1387541544
1387541781
1387541978
1387542109
138754232X
1387542419
1387542796
1387542834
1387543369
1387543504
1387543598
138754411X
1387544454
1387544586
1387544918
1387545426
1387567640
138764940X
1387650327
1387658158
1387658344
1387658360
1387658670
1387659332
1387659340
1387659367
1387659545
1387659634
1387659677
138765974X
1387659820
138766008X
1387660152
1387660349
1387660411
1387660462
1387660489
138766056X
1387661124
138766123X
1387661914
1387662155
138767658X
1387743732
138775081X
1387757024
1387757075
1387757156
1387757423
138775761X
138775775X
1387757997
1387758462
1387758969
1387759264
1387760238
1387760629
1387760742
1387760793
1387760866
138776103X
1387761358
1387772910
1387778110
1387781960
1387838202
1387838520
1387838792
1387838822
138783889X
1387838911
1387838962
1387839098
1387839462
1387839497
138784007X
1387840177
1387840207
138784038X
1387840568
1387841068
1387841203
1387841327
1387841394
1387841416
1387841688
138784170X
1387841734
1387842668
1387843028
1387843036
1387843923
1387844024
138790969X
1387911481
138791149X
1387911511
1387911619
1387911732
1387911759
1387911767
138791183X
1387911856
1387969226
1387971549
1387971921
1387973339
1387998420
1387998676
1387998951
1387999184
1387999370
1387999400
1387999508
1387999656
1387999761
1387999907
1388000016
1388000121
1388067579
1388071568
1388071789
1388072106
1388072351
1388072580
1388073013
138807317X
138807320X
1388073242
1388073617
1388073854
1388073897
1388074559
1388074656
1388074680
138807477X
1388075164
1388075237
1388075261
1388075350
1388075512
1388075652
1388075814
1388076020
138807639X
1388076586
1388076721
1388076837
1388077388
1388079712
1388082144
1388083086
1388094797
1388095041
1388096188
1388096307
1388097311
1388100320
1388100673
1388194619
1388194732
1388196212
1388196417
1388196573
1388196646
1388196824
1388205548
1388209489
1388211068
1388211149
1388211882
1388212420
1388212498
1388213168
1388213249
1388213532
1388213575
1388213877
1388213958
138821427X
1388218313
1388227584
1388228386
1388228688
1388229137
1388229390
1388229668
1388310155
1388311372
1388311666
1388312816
1388313057
1388313243
138831360X
1388313677
1388313804
1388313812
1388314002
1388314037
1388314533
1388314568
1388314908
1388315432
1388342995
1388343649
1388432307
1388432838
1388443198
1388443821
1388444011
1388453797
1388453800
1388453851
1388454254
1388455331
1388456079
1388456168
1388456478
1388456494
1388456508
1388456788
1388457180
1388457245
1388457253
1388457601
1388457628
1388457768
1388457881
1388457970
1388458217
1388458381
1388458403
138845842X
1388576023
1388576201
1388576279
1388576295
1388576465
1388576589
1388576686
1388576783
1388576902
1388577097
1388577348
1388577925
138857795X
138857800X
1388578344
1388578719
1388579049
1388579170
1388580551
1388581302
1388581515
1388581523
1388581795
138858185X
1388581957
1388582449
138858350X
1388584042
1388585294
1388585316
1388586371
1388586495
1388661675
1388661861
1388662272
1388662418
1388662469
1388662477
1388662973
1388663007
1388663066
1388663325
1388663465
1388663511
138866366X
1388735636
1388737205
1388744856
1388746298
1388758784
1388852241
1388853302
1388853353
1388853590
1388854007
1388854309
138885449X
1388854635
1388854902
1388855011
1388855089
1388855097
1388855178
1388856794
1388856905
1388857170
1388857529
1388857960
1388858029
1388858231
1388860430
1388862670
1388877473
1388954419
1388954850
1388954907
1388955601
1388955857
138895592X
1388956292
1388956438
1388956527
1388956586
1388957078
1388957108
1388957353
1388957566
1388957744
1388957841
1388958236
138895849X
1388958570
1388958619
1388958775
1388958783
1388958996
1388959003
138895902X
1388959135
1388959267
1389046680
1389049809
1389049922
1389050122
1389050351
1389050599
1389050734
1389051420
1389051706
138905182X
1389051943
138905215X
1389052583
1389052834
1389052923
1389053121
1389053474
1389053504
1389057763
1389137880
1389140806
1389141209
1389141462
1389142078
1389142116
1389142124
1389142183
1389142981
1389143155
1389143511
1389143562
1389143716
1389143791
1389143813
1389143864
1389144127
1389144135
1389144275
1389144569
1389144577
1389144585
1389144631
1389144704
1389144860
1389144909
1389145018
1389145026
1389145069
1389145840
138915534X
1389157768
1389166147
1389220508
1389220575
1389220648
1389220737
1389220850
1389220907
1389220923
1389221059
1389221091
1389221296
1389221407
138922158X
1389221741
138922175X
1389221792
1389221946
1389222306
1389222837
1389222896
1389223132
1389223574
1389223639
1389223787
1389224074
1389224082
1389224325
1389224414
1389224422
1389224430
1389224538
1389224619
1389224635
1389224643
1389276848
1389276902
1389277011
1389277739
1389278158
138927831X
1389319245
1389331474
1389338673
1389397920
1389398382
1389401065
1389401782
1389402711
1389402916
1389404455
1389405087
1389405222
1389405230
1389405273
1389405281
138940563X
1389405818
1389405958
1389406083
1389406091
1389406121
1389406148
1389406326
1389407047
1389416526
1389417409
1389417654
1389417921
1389420841
1389424251
1389516504
1389516725
1389516954
1389517381
1389517993
1389518108
1389518116
1389518531
1389518752
1389518981
138951904X
1389519481
1389519848
1389519937
1389519945
1389520072
138952034X
1389520870
1389521087
1389521729
1389521745
1389521761
1389521869
1389539903
1389540065
1389740765
1389740781
1389740889
1389740919
1389741052
1389741249
1389741354
1389741486
1389741532
1389741540
1389741621
1389741745
1389741885
1389741907
1389742008
1389742067
138974227X
1389742318
1389742997
1389743063
1389743101
1389743136
1389743934
1389756378
1389803678
1389879992
1390052117
1390097137
1390097846
1390097978
1390098346
139009846X
1390099016
1390099024
1390099032
1390099075
1390099202
1390099245
1390099539
1390099709
1390099989
1390099997
1390100804
1390101010
1390101169
1390101339
1390101665
1390101673
1390101762
139010205X
1390102378
1390102386
1390102416
1390102688
1390103447
1390103463
1390103552
1390103994
1390147584
1390221482
1390221563
1390221709
1390221938
139022211X
1390222152
1390222721
1390223272
1390223477
1390224023
1390224120
1390224252
1390224414
1390224473
1390224708
1390224848
1390224996
1390225100
1390225232
1390225615
1390297691
1390297705
1390298795
1390299066
1390299112
1390299589
1390299708
1390299716
1390299732
1390299821
1390299864
1390300099
1390369862
1390386562
1390395170
1390396371
139039994X
1390403564
1390404919
139048260X
1390482707
1390482901
1390483088
1390483096
1390483266
1390483401
1390483568
1390483657
1390483665
139048369X
1390483851
1390483894
1390483908
1390484386
139048467X
1390484904
1390485064
1390485641
1390485757
1390486052
1390486060
1390486753
1390486923
1390487210
1390487504
1390487733
1390492478
1390494772
1390505626
1390507378
1390507785
1390582876
1390582965
1390583074
1390583147
1390583597
1390583627
139058366X
1390584143
1390584275
1390584402
1390584542
1390584631
1390584712
139058481X
139058495X
1390585123
1390585182
1390585387
1390585433
1390585611
1390585735
1390586227
1390586537
1390586952
1390587134
1390587460
1390587487
1390587711
1390605701
1390610373
1390700771
1390701026
1390716511
1390716686
1390716902
1390716945
1390716988
1390717046
1390717089
139071733X
1390717844
1390717860
1390717925
1390717968
1390718085
1390718093
1390718190
1390718409
1390718441
139071845X
1390718549
1390718565
1390718638
1390718670
1390718867
1390718980
1390719006
1390719227
1390719383
1390719650
1390719693
1390719936
1390719960
139072008X
1390720101
1390720136
1390720446
1390720551
1390720799
1390720810
1390720861
1390720918
1390721043
1390742326
1390742881
1390805255
1390806022
139080707X
1390807576
1390825698
1390825795
1390825833
1390825981
1390826023
1390826155
1390826600
1390826821
1390827046
1390827372
1390827461
1390827631
139082778X
1390827801
1390827828
139082831X
1390828492
1390828697
1390828727
139082876X
1390829251
1390829677
1390829723
1390922340
1390922529
1390922545
1390922812
1390923185
1390923487
1390923533
1390923681
1390924289
1390924912
139092503X
1390925080
1390925137
1390925161
1390925838
1390925854
1390925986
139092615X
1390983226
1390983269
1390983498
1390984389
1390986667
1390986969
1390987876
1390988090
1391048288
1391057554
1391075994
1391140982
1391144007
1391144171
1391144244
1391147669
1391148088
1391148274
1391148290
1391148363
139114855X
1391148657
1391148681
1391148797
1391148894
1391149297
1391149513
1391149998
1391150112
1391150260
1391150503
1391151283
1391151801
1391151925
1391152158
1391156110
1391250397
1391254953
1391255690
1391265092
1391265157
139126522X
1391265645
1391265947
1391265963
1391266129
1391266137
139126617X
1391266471
1391266536
1391266544
1391266706
1391266714
1391266889
1391267389
1391267524
1391267656
1391267672
1391267680
1391268113
1391268202
1391268253
1391268415
1391268512
1391268539
1391268628
1391268660
1391268792
1391268849
1391268938
139126908X
1391269276
1391269284
1391269640
139126973X
1391270835
1391274180
1391288823
1391356071
1391356373
1391358694
1391370635
1391370708
1391370732
1391371097
1391371291
1391371305
1391371399
1391371593
1391371933
1391371941
1391372190
1391372301
1391372425
1391372611
139137262X
1391373154
1391373170
1391373456
1391373766
1391373782
1391373960
1391374541
1391385403
1391388631
1391399528
1391470974
1391476549
139147712X
1391479300
1391479327
1391479521
1391480430
1391480708
1391480945
139148150X
1391481623
1391482069
1391482492
1391482557
1391483022
1391483073
139148312X
1391483316
139148407X
1391484134
1391484290
139148486X
139148794X
1391488172
1391488938
1391489187
1391489462
1391489853
1391490185
1391490886
1391492781
1391492927
1391493303
1391493575
1391493958
1391496027
1391500741
1391501144
1391501152
1391501403
139150190X
1391506634
1391573064
139157348X
1391573625
1391573722
1391574346
1391575180
1391575253
1391576403
1391577531
1391578120
1391633709
1391634314
139163439X
1391634438
1391635108
1391635310
1391635884
1391635957
1391636082
1391681436
1391689348
1391693507
1391694252
1391695348
1391700953
1391701895
1391715527
1391718763
1391726308
1391726413
1391732464
1391797205
1391798899
1391799569
1391800036
1391800370
1391800524
1391800850
1391801024
1391801695
1391801792
139180273X
1391808460
1391808592
1391809092
1391809106
139180922X
1391809319
1391809432
1391809750
139181004X
1391810325
1391810414
1391810988
1391811127
1391811704
1391812247
1391812379
1391812689
1391812875
1391813170
139181360X
1391813901
1391814290
1391814754
1391818369
1391820096
1391822544
1391822587
1391822714
1391825721
1391827392
1391827856
1391828372
1391829123
1391830067
1391830458
1391831845
1391833244
1391834224
1391835484
1391836111
1391836677
1391837037
1391920066
1391920481
1391921275
1391923197
1391923480
1391923502
1391923898
1391924673
1391925750
1391926692
1391927885
1391928172
1391928555
1391928768
1391928903
1391929403
1391929500
1391930142
1391930282
1391930355
139193041X
1391930770
1391930967
1391932366
1391932668
1391933001
1391933494
1391933680
1391933745
1391933796
1391933982
1391934164
1391935616
139193640X
1391936604
139193699X
1391937546
1391938135
1391938208
1391938402
1391939514
1391939522
1391939832
1391939913
1391940318
1391940423
1391940512
1391940830
1391941071
1391941195
1391941306
1391941438
1391941543
1391941667
1391941799
1391941926
1391942116
1391943910
1391944844
1391945298
1391945476
1391946367
1391946545
1391946588
1391946693
1391946707
1391946723
1391946847
1391946901
1391946960
1391947045
1391947150
1391947185
1391947525
1391947533
1391947622
1391947665
1391947975
1391948238
1391948696
1391948971
1391949153
1391949560
1391949862
1391949978
1391950224
1391950313
1391950569
1391951123
1391951158
1391951174
1391951697
1391951700
1391951816
1391952154
1391952170
1391952332
1391952375
1391952553
1391952812
1391952995
1391953347
1391953401
1391953460
1391953533
1391953622
1391954025
1391954335
1391954408
1391954513
1391954742
1391954815
1391955153
139195520X
1391955374
1391955994
1391956141
1391956729
1391958047
1391958551
1391962419
1391964470
1391965485
1391965825
1391966120
1391968093
1391968581
1391968891
1391969138
1391969383
1391971744
1392024072
1392024625
1392024722
1392025397
1392025443
1392025613
1392025826
1392025877
1392025958
1392026016
1392026067
1392026105
1392026156
1392026571
1392026660
1392026814
1392026962
1392027055
1392027071
1392027136
1392027683
1392027829
1392028124
1392028272
1392028361
139202840X
1392028450
139202854X
1392028590
1392029449
1392029554
1392030692
1392031117
1392031176
1392031206
1392031559
1392031842
1392031990
1392032040
1392032490
1392032784
1392032849
1392033756
1392034035
1392034841
1392035104
1392035120
1392035236
1392035260
1392036100
1392036399
1392037190
1392038340
1392039983
139204118X
1392041236
1392041651
1392041791
1392041864
139204197X
1392042356
1392042453
1392043425
139204376X
1392044197
1392044928
1392045266
1392045533
139204555X
1392045908
1392046408
1392048834
1392049598
1392050790
1392051142
1392051460
1392051703
1392052254
1392053684
1392056594
1392057612
139205785X
1392059445
1392061431
1392062438
1392063892
1392064716
1392064813
1392065267
1392065593
1392065887
1392067464
1392067626
1392067782
1392067790
1392067820
1392067944
1392068037
1392068347
1392068770
1392069130
1392071232
1392071291
1392072182
1392077494
1392077672
1392077834
1392078288
1392078415
139220075X
1392209110
1392210569
1392211204
1392211719
1392212006
1392212170
1392212456
1392212758
1392213797
1392214068
139221436X
1392214467
1392214734
1392216834
1392218454
1392219965
1392220963
1392221633
1392222559
139222327X
1392223466
1392223695
1392225493
139222571X
1392225752
1392225922
1392226023
1392226236
1392226317
1392226570
1392226732
1392226783
139222702X
1392227127
1392227399
1392227453
139222912X
1392229545
1392229847
1392229987
1392230667
1392230764
1392230853
1392230888
1392231035
1392232228
1392233933
1392234026
1392234077
1392234336
1392235707
1392235863
1392236142
1392236312
139223655X
1392236568
1392237416
139223753X
1392237912
1392238145
1392238404
1392238595
1392240565
1392241294
1392241847
1392242029
1392242096
1392243041
1392243092
1392243238
1392243378
139224403X
1392244315
1392244366
1392244447
1392244706
139224479X
1392244935
139224515X
1392245311
1392245486
1392245621
1392245702
1392247535
1392247608
1392247764
1392247799
1392247969
1392248043
139224806X
1392249384
1392249740
1392250005
1392250129
1392250145
1392250293
1392250358
139225048X
1392250587
1392250730
1392250838
1392250870
139225096X
1392251044
1392251060
1392251087
1392251222
1392251397
1392251745
1392251761
1392252806
1392253055
1392253306
1392254205
1392254361
1392254450
1392254574
139225468X
1392254922
1392255074
1392255732
1392255953
139225616X
1392256240
1392256607
1392256941
1392257611
1392257875
1392257980
1392258642
1392259207
1392261031
1392261074
1392261988
1392262054
1392262194
1392262321
1392262399
1392262887
1392263107
1392263379
1392324378
1392325218
1392325641
1392325757
1392326184
1392327210
1392383420
1392383765
1392383870
1392384281
1392384990
1392385113
1392385172
1392440521
1392440564
1392441064
1392441080
1392441420
1392441528
1392441633
1392441811
139244201X
1392442168
1392442389
1392442508
1392442737
1392444519
1392444578
1392444934
1392445140
1392445272
1392445647
1392445914
1392446910
1392447003
1392447666
1392448107
1392448190
1392449170
1392449375
1392449456
1392451582
1392452406
1392453569
1392453712
1392454034
1392454263
1392454328
1392454417
1392454654
1392454743
1392455588
1392455790
1392455863
139245624X
1392457254
139245753X
1392457602
1392457637
1392457718
139245798X
1392458110
1392458277
1392458374
1392458471
139245848X
1392458498
1392458625
1392459273
1392459419
1392459478
139245963X
1392460026
1392460700
1392461006
1392461081
1392461723
1392461987
1392462002
1392462231
1392462266
1392462282
1392462444
1392462606
1392462649
1392463408
1392464153
1392464838
139246546X
1392465729
1392465826
1392465966
1392466008
1392467780
1392468442
1392469473
1392469910
1392470137
1392470226
1392470277
1392478510
1392478928
139247941X
1392479908
1392480256
139250886X
1392508967
1392509599
1392511054
1392511410
1392511674
1392511704
1392511941
1392512123
1392512212
1392512239
139251228X
1392512344
1392512409
1392512522
1392512603
1392512638
1392512816
1392512883
139251293X
1392513138
1392513146
1392513324
1392513472
139251360X
1392513634
1392513820
1392514320
1392514649
1392514932
1392515130
1392515378
1392515513
1392515602
1392515742
139251603X
1392516277
1392516501
1392516544
1392516706
1392516803
1392516919
139251696X
1392517044
139251794X
1392518105
1392518148
1392518296
1392518326
1392518830
1392518881
1392518997
1392519179
1392520231
1392520541
1392520886
1392521092
139252167X
1392522110
1392522854
1392524008
1392524318
1392524768
139252508X
1392525462
1392525810
1392526205
1392527171
1392527554
1392527937
1392528089
1392528224
1392528577
1392529395
1392530334
1392530415
1392531497
1392532000
1392532043
1392532213
1392532523
1392532841
139253299X
1392533147
1392533945
1392534585
1392535247
1392535751
139253593X
1392536154
1392536162
1392536499
1392537304
1392538203
1392538319
1392538327
1392538513
1392539374
1392539986
139254016X
1392540356
139254050X
1392540860
1392542235
1392542618
1392542928
1392543525
1392544629
1392544947
1392545749
139254615X
1392546435
1392546656
1392546842
1392547083
1392547091
1392547202
1392547318
1392547407
1392547512
1392547628
1392547725
139254789X
1392548020
1392548322
1392548403
1392548608
1392548772
1392548799
1392549272
1392549485
1392549639
1392549892
1392549981
1392550181
1392550432
1392550718
1392551110
1392551285
1392551447
1392551668
1392551757
1392551765
139255179X
1392551900
1392552052
1392552133
1392552192
1392552230
1392552249
1392552265
1392552311
1392552338
1392552427
1392552524
1392552559
139255277X
139255294X
1392553059
1392554586
1392554667
139255473X
1392554853
1392555140
139255540X
1392555965
1392570093
139257062X
1392614805
1392615305
1392615364
1392615372
1392615569
139261578X
1392616468
139261709X
1392617308
1392617456
1392617693
1392618215
1392618339
1392618711
1392618797
1392618851
1392619041
1392619246
1392619297
1392619416
1392619572
1392619661
139261967X
1392619726
1392619777
1392620562
1392620805
1392621194
1392621631
1392622247
1392622409
1392622441
1392622689
1392622875
1392622913
1392623162
1392623243
1392623278
1392623782
1392624452
1392629543
1392629934
139263010X
1392630371
1392630681
1392631513
1392631963
1392632102
1392632560
1392632714
139263329X
1392633427
139263511X
1392636663
1392636817
1392637597
1392637775
1392640016
1392640318
1392640490
1392642213
1392643287
1392643333
1392643449
1392643457
1392643481
1392643554
1392643643
1392643724
1392643767
1392644828
1392646502
1392647134
1392647223
1392648009
1392648246
1392649080
1392649153
139264951X
1392649722
1392651271
1392651670
1392651972
1392652022
1392652561
1392652731
1392652758
1392653487
1392653827
139265405X
1392654068
1392654556
1392654882
139265503X
1392655234
1392655382
139265548X
1392655595
1392656109
139265694X
1392657512
1392657768
1392658543
1392659396
1392659752
1392660408
1392660580
1392661463
1392661609
139266232X
1392662796
1392664233
139266599X
1392714974
1392714982
1392715407
1392715601
139271589X
1392716284
1392716330
1392717248
1392717531
1392717841
1392717906
1392718481
1392718511
139271852X
1392718597
1392718619
1392719895
1392719976
1392720001
1392720028
1392720079
1392720591
139272130X
1392721407
139272158X
1392721989
139272211X
1392722187
1392722233
1392722314
1392722365
1392722446
1392722500
1392722535
1392722632
1392722667
1392722713
1392722810
1392722829
1392722845
1392722926
1392722934
1392722985
1392723051
1392723094
1392723140
1392723191
1392723205
1392723248
1392723329
1392723388
1392723469
1392723531
1392723582
1392723663
1392723701
1392723787
1392723868
1392723965
1392724058
1392724139
1392724309
139272435X
1392724384
1392724481
1392724554
1392724643
1392724724
1392724821
1392724899
1392725003
1392725046
1392725100
1392725135
1392725208
1392725305
1392725550
1392725941
1392727537
1392728304
1392729688
1392730414
1392732751
1392732921
1392732948
1392733995
1392734150
1392734436
1392734452
1392734967
1392736846
1392737087
1392737338
1392738539
1392740045
1392740614
1392740916
1392741556
1392741653
1392742226
1392742609
1392742625
1392742935
139274413X
139274654X
1392747325
1392747457
1392747600
1392747635
1392747716
1392748488
1392748658
1392749719
1392750636
1392751160
1392751683
1392752329
1392753430
1392753570
139275402X
1392754631
1392757304
1392758505
1392758769
1392759366
1392759447
1392760070
1392760623
1392760852
139276114X
1392762642
1392762901
1392763193
139276355X
1392764157
1392770297
139281443X
1392814464
1392814480
1392815940
1392816645
1392816785
1392816890
1392817005
1392817013
1392817072
1392817129
1392817137
1392817161
1392817277
1392817625
1392817676
1392817749
1392817803
1392817994
1392818192
1392818206
139281846X
1392818605
139281863X
139281913X
1392819318
1392819431
1392819563
1392819695
1392819857
1392819946
1392820243
1392820340
1392820464
1392820510
1392820618
1392820693
139282074X
1392820782
1392821037
1392821436
1392821517
1392821541
1392821568
1392821630
1392821649
139282172X
1392821797
1392821827
1392821878
1392822025
1392822114
1392822262
1392822343
1392822459
1392822491
1392822564
1392822599
1392822629
1392822866
1392823080
1392823110
139282320X
1392824257
1392824354
1392824680
1392824710
1392824931
1392825210
1392826608
1392827000
1392827930
1392828465
1392829178
139283077X
1392830966
1392831091
1392831261
1392832322
139283242X
1392832470
139283306X
1392833450
1392837308
1392837456
1392837537
1392837804
1392838215
1392838290
1392838770
1392839122
1392839343
1392839653
1392840058
1392840244
1392840481
1392840546
1392840791
1392840864
139284133X
1392841399
139284147X
1392842670
1392842697
1392843030
1392843316
1392843332
1392844134
1392844681
1392844959
1392845408
1392846803
1392847311
1392847524
1392847605
1392848083
1392848458
1392848520
1392849993
1392854040
1392854490
1392857287
1392857317
1392857570
1392858992
1392863910
1392864615
1392867134
1392922089
1392922208
1392922585
1392923557
1392924057
1392924227
1392925061
1392926017
1392928346
1393006787
1393006841
1393062776
1393062997
1393063217
1393066321
1393066879
1393067727
1393068243
1393068790
1393070604
1393070868
1393071678
1393072143
1393072798
1393072801
1393073115
1393073212
1393073484
1393073565
1393073751
1393073905
1393074022
1393074081
1393074103
1393074154
1393074197
1393074286
1393074413
1393075371
1393075541
1393075746
139307586X
1393075924
1393075975
1393076157
139307622X
1393076262
1393076378
1393076475
1393076645
1393076769
1393076890
139307698X
1393077099
139307717X
1393077242
1393077366
1393077420
1393077579
1393077641
1393077692
1393077757
1393077838
1393077889
1393078117
1393078222
1393078389
1393078532
1393078621
1393078737
1393078818
1393078850
1393079008
1393079180
1393079296
1393079504
1393082785
1393083641
1393083684
1393083765
1393083900
1393084028
1393084095
1393084206
1393084273
1393084281
1393084370
1393084516
1393084621
139308477X
1393084931
1393086292
1393086845
1393087108
1393087744
1393089526
1393089852
1393089984
1393090168
1393090524
1393091644
1393091989
1393092608
1393093892
1393095550
139309564X
1393095925
1393096034
139309614X
1393096387
1393096689
1393096808
1393096824
1393096913
1393097138
1393097626
139309791X
1393098185
1393098630
1393098894
1393099025
1393099246
1393099556
1393099750
1393099912
1393099955
1393100031
1393100058
1393100341
139310052X
1393100716
1393100864
1393101003
1393101097
1393101224
1393101232
1393102719
1393103456
1393103731
1393105432
1393105513
1393106455
1393107427
1393115012
1393115462
1393118852
1393123643
1393124232
1393124658
1393179681
1393182461
1393182690
1393182828
1393183182
1393183735
1393183751
139318376X
1393183816
139318393X
1393184065
139318409X
1393184138
1393184154
1393184200
1393184227
1393184235
1393184308
1393184316
1393184421
139318443X
1393184561
1393184588
1393184626
1393184650
1393184677
1393184685
1393184790
1393184863
1393184944
1393185339
1393185916
1393186076
1393186122
1393186777
1393187005
1393187285
1393187587
1393187765
1393188311
1393188451
1393188672
1393188745
1393189962
1393190162
1393190316
1393190677
1393190901
1393191533
1393191886
1393192475
1393192564
1393192580
1393192645
1393193188
1393193242
1393193307
1393193617
1393194761
1393195059
1393195288
1393195512
1393195717
1393195806
139319589X
1393196055
1393196128
1393196144
1393196268
1393196543
1393201261
1393201342
1393201547
1393201695
1393202314
1393202861
139320354X
1393203671
1393203973
1393204155
1393204171
1393204961
1393205070
1393205135
1393205291
1393205933
1393207774
1393207820
1393208584
1393208908
1393209246
1393209629
1393209661
1393209963
1393211178
1393213480
1393214711
1393214746
1393214754
1393215041
1393215327
1393215459
1393215726
1393216595
1393216900
1393218725
1393221130
1393221580
1393221807
1393223540
1393223850
1393224180
1393224261
1393225209
1393225616
1393225764
1393225780
1393225845
1393225950
1393226094
1393226248
1393226329
1393226450
1393226736
1393226949
1393227112
1393227279
139322735X
1393227546
1393227643
1393227937
1393228151
1393228356
1393228593
1393232906
1393233074
1393233805
1393233872
1393234623
1393235123
1393297072
1393298230
1393298435
1393298583
1393298680
1393298729
139329877X
1393298796
1393298915
1393300588
1393301010
1393301886
1393302025
139330205X
1393302092
139330222X
1393302327
1393302475
1393302785
1393303447
1393303870
1393303935
139330401X
1393304613
1393305393
1393305415
1393314961
1393315178
1393315771
1393317855
1393318274
1393320732
1393321194
1393324290
1393325645
1393326137
1393326404
1393327508
1393327982
1393328423
1393329675
1393329845
1393330142
139333055X
1393331092
1393331130
1393336973
1393337694
1393339409
1393382843
1393382991
139338319X
1393385133
1393385354
1393386644
1393386717
1393387268
1393387608
1393388809
139338918X
1393389740
1393389775
1393390021
1393390307
1393390765
139339616X
1393398049
1393399150
1393404081
1393404413
1393405274
1393405428
1393405568
139340586X
1393406181
1393406203
1393406459
1393406661
1393406920
139340748X
1393407536
1393407579
1393407951
1393410677
139341124X
1393413110
1393413161
1393413269
1393414265
1393416772
1393416810
1393416861
1393417116
1393417442
1393427839
1393427952
1393477143
1393477208
139347764X
1393477712
139347988X
1393480829
1393481388
1393483410
139348414X
1393484905
1393485588
1393486096
1393486746
1393487564
1393487823
1393488692
1393489737
1393491073
1393491308
1393491332
1393492169
1393492347
1393492371
1393492584
1393492622
1393492819
1393492835
139349286X
1393493254
1393493270
1393493610
1393495079
1393501095
1393501311
1393501508
1393501729
1393501834
1393502024
1393502342
1393502911
1393503403
1393506860
1393507077
1393507093
1393507484
1393507905
1393508383
1393518885
1393518893
1393521002
1393522998
1393523463
1393604102
1393768946
1393769128
1393769241
1393769446
1393769527
1393770401
1393770959
1393771149
1393771653
1393771688
1393772013
1393772099
1393772706
1393773028
1393773184
1393773486
1393774008
139377444X
1393774997
1393775721
1393776442
1393776582
1393778763
1393780784
1393781977
1393783015
1393783457
139378495X
1393787223
1393787312
1393787665
1393787770
1393788297
1393789080
139378920X
1393789366
1393790267
1393790399
1393790488
139379064X
1393791719
1393791824
1393792308
1393792421
1393792510
1393792693
139379274X
1393792855
1393793444
139379467X
1393797415
1393798071
1393798845
1393800254
1393800769
1393804497
1393805663
1393876366
139387682X
1393878369
1393878520
1393878644
1393878733
1393878822
1393878903
1393878954
1393879381
1393879578
1393880061
1393880436
1393880584
1393881513
1393882420
1393882439
1393882684
1393882749
1393882978
1393883222
1393883885
1393887279
139388735X
1393889387
1393889468
1393889727
1393889999
1393890199
1393893031
1393896561
1393896871
1393897177
1393897436
1393899595
1393902944
1393905196
1393907156
139390761X
1393907776
1393907806
1393907903
1393907997
1393908012
1393909485
1393912095
1393912591
1393912648
1393914225
1393914543
1393986986
1393987036
1393987133
1393987338
1393987559
1393989373
1393989438
1393989500
1393989594
1393989640
1393989705
1393989748
1393989764
1393989853
139398987X
1393989888
1393989926
1393989985
1393990177
1393990304
1393990797
1393990991
1393996604
1393996906
1393997511
1393997589
139399802X
139399878X
1393999859
1394002173
1394002378
1394003188
1394003811
1394009682
1394009720
1394010303
1394010486
1394011520
1394016832
1394017766
1394018282
1394018355
1394020252
1394022395
1394022654
1394023111
1394023472
139402374X
1394024630
1394024797
1394024959
1394026080
1394026242
1394026668
1394027095
1394027508
1394027982
1394028202
1394032560
1394040776
1394042094
1394104960
1394106165
1394106335
1394106459
139410653X
1394106653
1394106726
1394106882
1394107250
1394108923
1394109172
139411074X
1394112157
1394112211
1394112246
1394112378
1394112572
1394112750
1394112963
1394113404
1394113641
139411382X
139411396X
1394114141
139411432X
1394114575
1394114745
1394114850
1394114966
1394115245
1394115377
1394115601
1394115741
1394115903
1394116225
1394116381
139411656X
1394116691
1394116918
1394117175
1394126964
1394128355
1394129084
1394129637
1394130945
1394131011
1394131062
1394131151
1394131178
1394131305
1394131437
1394131690
1394131801
1394131860
1394132026
1394132077
1394132107
1394132166
1394132212
1394132247
139413228X
1394132328
1394132360
1394132433
1394132514
1394132557
1394132581
1394132719
1394132786
1394132859
139413293X
1394133294
1394133901
1394133936
1394134088
139413410X
1394134185
1394134231
1394134347
1394134444
1394134568
1394134576
1394134703
1394134746
1394134800
1394134894
1394134924
1394135009
139413522X
1394135319
139413536X
1394135416
1394135467
1394135696
1394136145
1394136331
139413634X
1394136587
1394136641
1394136730
1394136773
1394136854
1394136900
139413696X
1394137206
1394137281
1394137346
1394137559
1394137583
1394137656
1394137680
1394137761
1394137850
1394138008
1394138059
1394138105
1394138164
1394138210
1394138296
1394138334
1394138342
1394138784
1394138806
1394138903
1394138954
1394140754
1394141238
1394141785
139414220X
1394142382
1394142463
1394148380
1394149824
1394207689
1394208022
139420860X
139420874X
1394210337
1394210450
1394210779
1394210809
1394210981
1394211082
1394211104
1394211228
1394211279
139421149X
139421166X
1394211678
139421202X
1394212194
1394212291
1394212445
1394212631
1394212704
139421278X
1394213034
1394214146
1394214197
1394215754
139421698X
1394218079
139421863X
1394219008
1394219121
1394219202
139421927X
1394219512
1394220294
1394220413
1394221193
139423113X
1394231377
1394231806
1394231814
1394232179
1394232454
1394232845
1394233108
1394233345
1394233361
1394233515
1394233701
139423418X
1394234260
1394234341
1394234465
139423449X
1394234511
1394234589
1394234597
1394234694
1394234805
1394234821
1394234937
1394234953
139423497X
1394234988
139423502X
1394235062
1394237480
1394237529
1394237626
1394237782
1394237863
139423791X
1394238142
139423855X
1394246595
139424763X
1394443455
1394443870
139444401X
1394444184
1394444303
1394445229
1394445725
1394445830
1394445881
1394446942
1394447086
1394447167
139444768X
1394447752
1394447906
1394448406
1394448430
1394448929
1394448961
1394449194
1394449976
1394450133
1394450230
1394450389
1394451768
1394452128
1394453132
1394453450
1394453744
139446052X
1394460546
139446181X
1394462808
1394463723
1394464533
1394465548
1394467176
1394467257
1394467389
1394467508
1394467621
1394467680
139446777X
1394467826
1394468121
1394468245
1394468369
1394468466
1394468539
1394468601
139446861X
1394468628
139446875X
1394468806
1394468911
1394469136
1394469233
1394469322
1394469403
1394469594
1394469713
1394469888
1394469926
1394470010
1394470045
1394470096
1394470193
1394470371
1394470517
1394471084
1394471300
1394471963
1394472234
1394472307
1394472498
1394472587
1394472846
139447296X
1394473001
1394473079
1394478593
1394481314
1394481551
1394481845
1394482205
1394482779
1394484232
1394485557
139448609X
1394566980
1394567960
1394569815
1394570791
1394573871
1394574002
1394577516
1394577680
1394577788
1394577885
1394577931
1394578016
1394578148
1394578245
1394578601
1394579519
1394581114
1394583567
1394584229
1394584725
1394585624
1394586442
1394587082
1394587473
1394588313
1394593767
1394603835
1394612397
1394612982
1394613385
139461375X
1394614330
1394614683
1394614977
1394615205
1394616872
1394617062
1394623194
1394623747
1394624700
139462607X
1394627513
1394628935
1394629265
139462929X
1394629958
1394630395
1394630735
1394631138
1394631723
1394631863
1394632681
1394632924
1394632983
1394633254
1394633688
1394634536
1394634900
1394637136
1394640358
1394644132
1394647751
1394653492
1394656009
139465832X
1394664982
1394667140
139467354X
1394677111
139473798X
1394740344
1394740697
1394741979
1394743319
1394743637
1394743874
1394744080
1394744250
1394744366
1394744536
1394745710
1394746024
1394746415
1394747314
1394748183
1394749279
1394749619
1394750544
1394750714
1394751230
139475177X
1394752024
1394752180
1394752415
1394752644
1394752776
1394752989
1394753012
1394753381
1394753551
1394753802
1394753950
1394754078
1394754248
1394754396
1394754973
1394755163
1394755848
1394756232
1394756895
1394757352
1394757662
1394758073
1394758146
1394759118
1394759231
1394760434
1394760663
1394760728
1394760760
1394760809
1394760841
1394761015
1394761066
1394761139
1394761279
1394761333
1394761554
1394761643
1394761805
1394761996
1394762194
1394762305
1394762429
1394762496
1394762585
1394762690
1394762828
1394762887
1394763018
139476328X
1394763360
1394763425
1394763441
1394763514
1394763638
1394763778
1394763875
1394763964
1394764049
1394764111
1394764308
1394764448
1394764642
1394764669
139476474X
1394764758
1394764855
139476488X
1394764952
1394764960
1394765010
1394765045
1394765053
1394765088
1394765169
1394765207
1394765266
1394765274
1394765398
1394765452
1394765487
1394765576
1394765584
1394765606
1394765657
1394765703
139476572X
1394765770
1394765789
1394765886
1394765894
1394765991
1394766025
1394766084
1394766122
1394766246
1394766254
1394766289
1394766351
1394766408
1394766440
1394766483
1394766610
1394766696
1394766750
1394766815
1394766866
1394766963
139476703X
1394767072
1394767145
1394767242
1394767285
1394767374
1394767463
1394767609
1394767706
139476779X
1394767897
1394768052
139476877X
1394768796
1394769024
1394769350
1394769725
1394769814
1394769822
1394770359
1394861915
1394862083
1394862091
1394863128
1394937407
1394939868
1394940173
1394940254
1394940564
1394940785
1394940904
1394941080
1394941293
1394942710
1394944128
1394944705
1394944985
1394944993
1394945590
1394946112
1394946236
1394946368
1394946651
1394947062
1394947216
1394947313
1394947380
139494750X
139494764X
1394949022
1394954905
1394955006
1394956924
1394957173
139495803X
1394958994
1394959443
1394959494
1394959826
1394960182
1394960425
1394960662
1394961677
1394962606
1394963157
1394964129
1394968132
1394968361
1394968469
1394968795
1394968922
1394988338
1394989067
1394989156
